[size = 10]

[{0 0 0 0 0 0 0 0 0 0}
{0 0 0 0 0 0 0 0 0 0}
{0 0 0 b r p 0 0 0 0}
{0 0 0 b y g 0 0 0 0}
{0 0 0 r b p 0 0 0 0}
{0 0 0 r y o 0 0 0 0}
{0 0 0 y b g 0 0 0 0}
{0 0 0 y r o 0 0 0 0}
{0 0 0 0 0 0 0 0 0 0}
{0 0 0 0 0 0 0 0 0 0}]

[{0 0 0 0 0 0 0 0 0 0}
{0 0 0 0 0 0 0 0 0 0}
{0 0 0 0 0 0 0 0 0 0}
{0 0 0 0 0 0 0 0 0 0}
{0 0 0 0 0 0 0 0 0 0}
{0 0 0 0 0 0 0 0 0 0}
{0 0 0 0 0 0 0 0 0 0}
{0 0 0 0 0 0 0 0 0 0}
{0 0 0 0 0 0 0 0 0 0}
{0 0 0 0 0 0 0 0 0 0}]

[{0 0 0 0 0 0 0 0 0 0}
{0 0 0 0 0 0 0 0 0 0}
{0 0 0 0 0 0 0 0 0 0}
{0 0 0 0 0 0 0 0 0 0}
{0 0 0 0 0 0 0 0 0 0}
{0 0 0 0 0 0 0 0 0 0}
{0 0 0 0 0 0 0 0 0 0}
{0 0 0 0 0 0 0 0 0 0}
{0 0 0 0 0 0 0 0 0 0}
{0 0 0 0 0 0 0 0 0 0}]

[{0 0 0 0 0 0 0 0 0 0}
{0 0 0 0 0 0 0 0 0 0}
{0 0 0 0 0 0 0 0 0 0}
{0 0 0 0 0 0 0 0 0 0}
{0 0 0 0 0 0 0 0 0 0}
{0 0 0 0 0 0 0 0 0 0}
{0 0 0 0 0 0 0 0 0 0}
{0 0 0 0 0 0 0 0 0 0}
{0 0 0 0 0 0 0 0 0 0}
{0 0 0 0 0 0 0 0 0 0}]

[{0 0 0 0 0 0 0 0 0 0}
{0 0 0 0 0 0 0 0 0 0}
{0 0 0 0 0 0 0 0 0 0}
{0 0 0 0 0 0 0 0 0 0}
{0 0 0 0 0 0 0 0 0 0}
{0 0 0 0 0 0 0 0 0 0}
{0 0 0 0 0 0 0 0 0 0}
{0 0 0 0 0 0 0 0 0 0}
{0 0 0 0 0 0 0 0 0 0}
{0 0 0 0 0 0 0 0 0 0}]

[{0 0 0 0 0 0 0 0 0 0}
{0 0 0 0 0 0 0 0 0 0}
{0 0 0 0 0 0 0 0 0 0}
{0 0 0 0 0 0 0 0 0 0}
{0 0 0 0 0 0 0 0 0 0}
{0 0 0 0 0 0 0 0 0 0}
{0 0 0 0 0 0 0 0 0 0}
{0 0 0 0 0 0 0 0 0 0}
{0 0 0 0 0 0 0 0 0 0}
{0 0 0 0 0 0 0 0 0 0}]

[{0 0 0 0 0 0 0 0 0 0}
{0 0 0 0 0 0 0 0 0 0}
{0 0 0 0 0 0 0 0 0 0}
{0 0 0 0 0 0 0 0 0 0}
{0 0 0 0 0 0 0 0 0 0}
{0 0 0 0 0 0 0 0 0 0}
{0 0 0 0 0 0 0 0 0 0}
{0 0 0 0 0 0 0 0 0 0}
{0 0 0 0 0 0 0 0 0 0}
{0 0 0 0 0 0 0 0 0 0}]

[{0 0 0 0 0 0 0 0 0 0}
{0 0 0 0 0 0 0 0 0 0}
{0 0 0 0 0 0 0 0 0 0}
{0 0 0 0 0 0 0 0 0 0}
{0 0 0 0 0 0 0 0 0 0}
{0 0 0 0 0 0 0 0 0 0}
{0 0 0 0 0 0 0 0 0 0}
{0 0 0 0 0 0 0 0 0 0}
{0 0 0 0 0 0 0 0 0 0}
{0 0 0 0 0 0 0 0 0 0}]

[{0 0 0 0 0 0 0 0 0 0}
{0 0 0 0 0 0 0 0 0 0}
{0 0 0 0 0 0 0 0 0 0}
{0 0 0 0 0 0 0 0 0 0}
{0 0 0 0 0 0 0 0 0 0}
{0 0 0 0 0 0 0 0 0 0}
{0 0 0 0 0 0 0 0 0 0}
{0 0 0 0 0 0 0 0 0 0}
{0 0 0 0 0 0 0 0 0 0}
{0 0 0 0 0 0 0 0 0 0}]

[{0 0 0 0 0 0 0 0 0 0}
{0 0 0 0 0 0 0 0 0 0}
{0 0 0 0 0 0 0 0 0 0}
{0 0 0 0 0 0 0 0 0 0}
{0 0 0 0 0 0 0 0 0 0}
{0 0 0 0 0 0 0 0 0 0}
{0 0 0 0 0 0 0 0 0 0}
{0 0 0 0 0 0 0 0 0 0}
{0 0 0 0 0 0 0 0 0 0}
{0 0 0 0 0 0 0 0 0 0}]