[size = 10]

[{r 0 0 0 0 0 0 0 0 o}
{r 0 0 0 0 0 0 0 0 o}
{r 0 0 0 0 0 0 0 0 o}
{r 0 0 0 0 0 0 0 0 o}
{r r r r r o o o o o}
{b b b b b y y y y y}
{b 0 0 0 0 0 0 0 0 y}
{b 0 0 0 0 0 0 0 0 y}
{b 0 0 0 0 0 0 0 0 y}
{b 0 0 0 0 0 0 0 0 y}]

[{r 0 0 0 0 0 0 0 0 o}
{0 0 0 0 0 0 0 0 0 0}
{0 0 0 0 0 0 0 0 0 0}
{0 0 0 0 0 0 0 0 0 0}
{0 0 0 0 0 0 0 0 0 0}
{0 0 0 0 0 0 0 0 0 0}
{0 0 0 0 0 0 0 0 0 0}
{0 0 0 0 0 0 0 0 0 0}
{0 0 0 0 0 0 0 0 0 0}
{b 0 0 0 0 0 0 0 0 y}]

[{r 0 0 0 0 0 0 0 0 o}
{0 0 0 0 0 0 0 0 0 0}
{0 0 0 0 0 0 0 0 0 0}
{0 0 0 0 0 0 0 0 0 0}
{0 0 0 0 0 0 0 0 0 0}
{0 0 0 0 0 0 0 0 0 0}
{0 0 0 0 0 0 0 0 0 0}
{0 0 0 0 0 0 0 0 0 0}
{0 0 0 0 0 0 0 0 0 0}
{b 0 0 0 0 0 0 0 0 y}]

[{r 0 0 0 0 0 0 0 0 o}
{0 0 0 0 0 0 0 0 0 0}
{0 0 0 0 0 0 0 0 0 0}
{0 0 0 0 0 0 0 0 0 0}
{0 0 0 0 0 0 0 0 0 0}
{0 0 0 0 0 0 0 0 0 0}
{0 0 0 0 0 0 0 0 0 0}
{0 0 0 0 0 0 0 0 0 0}
{0 0 0 0 0 0 0 0 0 0}
{b 0 0 0 0 0 0 0 0 y}]

[{0 0 0 0 0 0 0 0 0 0}
{0 0 0 0 0 0 0 0 0 0}
{0 0 0 0 0 0 0 0 0 0}
{0 0 0 0 0 0 0 0 0 0}
{0 0 0 0 0 0 0 0 0 0}
{0 0 0 0 0 0 0 0 0 0}
{0 0 0 0 0 0 0 0 0 0}
{0 0 0 0 0 0 0 0 0 0}
{0 0 0 0 0 0 0 0 0 0}
{0 0 0 0 0 0 0 0 0 0}]

[{r 0 0 0 0 0 0 0 0 o}
{0 0 0 0 0 0 0 0 0 0}
{0 0 0 0 0 0 0 0 0 0}
{0 0 0 0 0 0 0 0 0 0}
{0 0 0 0 0 0 0 0 0 0}
{0 0 0 0 0 0 0 0 0 0}
{0 0 0 0 0 0 0 0 0 0}
{0 0 0 0 0 0 0 0 0 0}
{0 0 0 0 0 0 0 0 0 0}
{b 0 0 0 0 0 0 0 0 y}]

[{0 0 0 0 0 0 0 0 0 0}
{0 0 0 0 0 0 0 0 0 0}
{0 0 0 0 0 0 0 0 0 0}
{0 0 0 0 0 0 0 0 0 0}
{0 0 0 0 0 0 0 0 0 0}
{0 0 0 0 0 0 0 0 0 0}
{0 0 0 0 0 0 0 0 0 0}
{0 0 0 0 0 0 0 0 0 0}
{0 0 0 0 0 0 0 0 0 0}
{0 0 0 0 0 0 0 0 0 0}]

[{0 0 0 0 0 0 0 0 0 0}
{0 0 0 0 0 0 0 0 0 0}
{0 0 0 0 0 0 0 0 0 0}
{0 0 0 0 0 0 0 0 0 0}
{0 0 0 0 0 0 0 0 0 0}
{0 0 0 0 0 0 0 0 0 0}
{0 0 0 0 0 0 0 0 0 0}
{0 0 0 0 0 0 0 0 0 0}
{0 0 0 0 0 0 0 0 0 0}
{0 0 0 0 0 0 0 0 0 0}]

[{0 0 0 0 0 0 0 0 0 0}
{0 0 0 0 0 0 0 0 0 0}
{0 0 0 0 0 0 0 0 0 0}
{0 0 0 0 0 0 0 0 0 0}
{0 0 0 0 0 0 0 0 0 0}
{0 0 0 0 0 0 0 0 0 0}
{0 0 0 0 0 0 0 0 0 0}
{0 0 0 0 0 0 0 0 0 0}
{0 0 0 0 0 0 0 0 0 0}
{0 0 0 0 0 0 0 0 0 0}]

[{0 0 0 0 0 0 0 0 0 0}
{0 0 0 0 0 0 0 0 0 0}
{0 0 0 0 0 0 0 0 0 0}
{0 0 0 0 0 0 0 0 0 0}
{0 0 0 0 0 0 0 0 0 0}
{0 0 0 0 0 0 0 0 0 0}
{0 0 0 0 0 0 0 0 0 0}
{0 0 0 0 0 0 0 0 0 0}
{0 0 0 0 0 0 0 0 0 0}
{0 0 0 0 0 0 0 0 0 0}]